[EVALUATION]
mean_dev_acc = 0.8172500014305115
last_dev_acc = 0.8224999904632568
test_acc = 0.8117499962449074
epoch_time = 00:00:08.71
num_trains = 36009
num_devs = 405
num_tests = 4045

