[EVALUATION]
mean_dev_acc = 0.8445000007748604
last_dev_acc = 0.8674999922513962
test_acc = 0.8515000000596047
epoch_time = 00:00:11.38
num_trains = 36009
num_devs = 405
num_tests = 4045

