[EVALUATION]
mean_dev_acc = 0.8812499925494194
last_dev_acc = 0.8924999833106995
test_acc = 0.8817500010132789
epoch_time = 00:00:02.53
num_trains = 36009
num_devs = 405
num_tests = 4045

